  0.000000e+00        2.167603e+05        2.167603e+05        4.074536e-10        0.000000e+00 
  1.000000e-01        2.167580e+05        2.167580e+05        8.731149e-11        2.823003e-07 
  2.000000e-01        2.167559e+05        2.167559e+05        2.910383e-11        2.291479e-07 
  3.000000e-01        2.167541e+05        2.167541e+05        8.731149e-11        1.800526e-07 
  4.000000e-01        2.167524e+05        2.167524e+05        2.910383e-11        1.379763e-07 
  5.000000e-01        2.167508e+05        2.167508e+05        0.000000e+00        9.685591e-08 
  6.000000e-01        2.167494e+05        2.167494e+05        2.910383e-11        6.615341e-08 
  7.000000e-01        2.167480e+05        2.167480e+05        2.910383e-11        5.196831e-08 
  8.000000e-01        2.167467e+05        2.167467e+05        8.731149e-11        4.035075e-08 
  9.000000e-01        2.167455e+05        2.167455e+05        0.000000e+00        3.003276e-08 
  1.000000e+00        2.167443e+05        2.167443e+05        2.619345e-10        2.010239e-08 
